1609812293.2602053
1609812348.740728
1609812358.3242521
1609812370.9603696
1609812385.9631965
1609812396.2753744
1609812441.3553665
1609812458.3393593
1609812470.0657785
1609812477.28815
1609812492.1802926
1609812501.9484954
1609812512.8516402
1609812521.0363746
1609812529.9953432
1609812537.512999
1609812546.9325972
1609812556.4115746
1609812564.0037644
1609812573.6762416
1609812579.4955728
1609812598.6505592
1609812610.1442494
1609812618.311687
1609812625.5993507
1609812633.538792
1609812641.4338696
1609812647.4352918
1609812656.983374
1609812663.1511786
1609812675.183166
1609812687.7211552
1609812697.0391307
1609812704.2070005
1609812716.7585151
1609812724.6786706
1609812730.6966236
1609812740.1491568
1609812745.9436448
1609812758.4326112
1609812771.5633242
1609812778.8993857
1609812800.443195
1609812809.675761
1609812817.4791243
1609812823.7255042
1609812832.8810263
1609812840.4833543
1609812853.4697452
1609812862.5465407
1609812868.9588263
1609812880.2507305
1609812892.76334
1609812900.76026
1609812906.8275146
1609812916.331466
1609812922.1433585
1609813371.2355125
1609813388.3885064
1609813408.633174
1609813453.884533
1609813463.8463745
1609813486.041387
1609813513.202007
1609813533.49358
1609813633.4806082
1609813661.011559
1609813736.5706472
1609813816.0690024
1609813828.6600523
1609813842.3878403
1609813857.229747
1609813868.3547764
1609813913.448337
1609813932.2051225
1609813941.169796
1609813949.0224154
1609813965.4114828
1609813974.5436988
1609813986.223582
1609813995.3126848
1609814004.8954284
1609814012.2845533
1609814024.183445
1609814034.1599765
1609814040.183538
1609814050.5153058
1609814057.211474
1609814074.6314812
1609814086.4654477
1609814095.2639232
1609814102.6196513
1609814110.9424143
1609814119.5234745
1609814125.826553
1609814136.6075559
1609814143.206975
1609814154.9516218
1609814168.7807496
1609814177.3874936
1609814184.708058
1609814193.0996165
1609814202.5301359
1609814209.8000655
1609814222.0167723
1609814228.3149142
1609814238.0391731
1609814254.0079265
1609814265.5156024
1609814281.395048
1609814292.4837673
1609814301.087074
1609814307.1520176
1609814317.3447943
1609814323.2257864
1609814332.606865
1609814347.641756
1609814354.0117707
1609814367.8115625
1609814380.8354623
1609814390.336415
1609814540.2879946
1609814555.1529906
1609814574.2488697
